236792
193835
732503
334505
164583
174067
528751
148330
942156
566580
184950
412672
198213
856820
557220
669009
92193
758856
582632
442292
53252
771405
203746
828815
285027
429832
307326
433748
765882
73127
361816
247324
315326
840248
980074
816832
424861
689761
609429
30165
125392
684814
717348
344130
998869
430387
160693
184105
46120
411931
662128
72859
539498
167727
346425
862244
108937
717081
414698
587514
753691
855199
199505
677564
376447
221424
961989
961634
296584
416878
852780
148775
440898
65706
694227
433977
237590
455138
359275
449682
193759
215903
416734
382156
163309
408224
210563
434618
308291
795136
981607
660674
422077
452477
642021
46343
191340
392911
829866
163608
